14946743451951
14767989653807
14766829338927
14767032172847
14865309368623
14865253957935
14923468210479
14766958248239
14767874375983
14946484781359
14767922774319
14766870593839
14766965293359
14767016673583
14768027697455
14767886500143
14766875246895
14766890844463
14768027140399
14946571583791
14946573517103
14767023423791
14766853259567
14768034709807
14767891579183
14918971392303
14767011529007
14766867906863
14768016130351
14767917170991
14766861549871
14900015268143
14766871773487
14767879192879
14767912452399
14767704310063
14768030712111
14946505163055
14946539536687
14946541273391
14923496948015
14766964605231
14767933129007
14767971238191
14767839445295
14959916319023
14923542397231
14865343938863
14946519613743
14899903103279
14883825189167
14946469708079
14959906914607
14766995145007
14767779873071
14766971945263
14766864040239
14766976794927
14899913195823
14768010199343
14766900379951
14959869296943
14923550818607
14923524964655
14923517067567
14766942290223
14946578858287
14946579513647
14767949119791
14959862055215
14901673885999
14767966224687
14946553299247
14946554708271
14946689286447
14900002062639
14808303075631
14808301306159
14808305402159
14946705867055
14766934491439
14946491957551
14766993211695
14767717122351
14946463416623
14946606809391
14946606973231
14946613788975
14946476523823
14766908768559
14955053646127
14767015854383
14959851340079
14767999189295
